function xInitial = initial_conditions_plant(model_name)
                                       

xInitial = struct;
xInitial.time = [];
xInitial.signals = struct;
xInitial.signals(1).values = [11.952176106184915 7.950300220587021 4.8684537248819986 ...
                              0.27297286851217462 18.170957937566698 6.0756857605350705 ...
                              138.77247446239622 136.12805974424231 2.5240502421064033 ...
                              62.627138395126366 41.656312838317461 25.522301888401437 ...
                              0.15168510251838813 10.746156544195594 3.5933712166350196 ...
                              52.279082275951872 41.117503515415947 0.6488228317916539 ...
                              0.42478972487351035 0.0078827063665042191 ...
                              0.89337220488861935 0.0096027938562258663 ...
                              0.51506858356948537 0.16681715341625392 48.183122896125951 ...
                              39.420524571989105 0.380153203870486 113.68415846339275 ...
                              52.611730377082857 66.661346315892743 21.212165336364368 ...
                              58.941968290602773 14.336659127811398 17.649098880625942 ...
                              8.5121732654982658 1.1379896577954212 102.4800282325948 ...
                              92.262530705397239 62.806559460324159 53.286026966911585 ...
                              26.661254009105338 60.484801083141221 4.44659081257122E-323 ...
                              24.234688815797391 37.209102766947353 46.430892344071623 ...
                              8.20148972096469E-322 35.944588369409736 ...
                              12.209547880014606 99.999999999999915];
xInitial.signals(1).dimensions = 50;
xInitial.signals(1).label = 'CSTATE';
xInitial.signals(1).blockName = [model_name '/TE Plant/TE Code'];
